      33.7105
      33.6880
      33.6656
      33.6696
      33.6471
      33.6246
      33.6022
      33.5797
      33.5573
      33.5348
      33.3108
      33.2884
      33.2660
      33.2437
      33.2253
      33.2213
      33.2030
      33.1806
      33.1583
      33.1359
      32.8682
      32.8459
      32.8236
      32.8013
      32.7790
      32.7830
      32.7607
      32.7385
      32.7162
      32.6939
      32.6717
      32.6494
      32.6271
      32.6049
      32.5826
      32.5604
      32.5381
      32.5159
      32.4936
      32.4714
      32.4491
      32.4269
      32.4047
      32.3824
      32.3641
      32.3602
      32.3419
      32.3196
      32.2974
      32.2752
      32.2529
      32.2307
      32.2085
      32.1862
      32.1640
      32.1418
      32.1195
      32.0973
      32.0751
      32.0529
      32.0306
      32.0084
      31.9862
      31.9639
      31.9417
      31.9234
      31.9195
      31.9011
      31.8789
      31.8567
      31.8344
      31.8122
      31.7900
      31.7677
      31.7455
      31.7232
      31.7010
      31.6787
      31.6565
      31.6342
      31.6120
      31.5897
      31.5675
      31.5452
      31.5230
      31.5007
      31.5046
      31.4823
      31.4600
      31.4378
      31.4155
      31.3932
      31.3709
      31.3487
      31.3264
      31.3041
      31.2818
      31.2595
      31.2372
      31.2149
      31.1926
      31.1703
      31.1479
      31.1256
      31.1033
      31.0810
      31.0848
      31.0625
      31.0402
      31.0178
      30.9955
      30.9731
      30.9508
      30.9284
      30.9060
      30.8836
      30.8613
